00 00 00 00 00 00 00 00 ef 00 00 00 12 00 00 00
00 00 00 00 00 00 00 00 00 00 00 00 00 00 00 00
0c 01 00 00 20 00 00 00 00 00 00 00 00 00 00 00
00 00 00 00 00 00 00 00 4a 01 00 00 20 00 19 00
08 40 00 00 00 00 00 00 00 00 00 00 00 00 00 00
28 01 00 00 10 00 19 00 18 40 00 00 00 00 00 00
00 00 00 00 00 00 00 00 2f 01 00 00 12 02 10 00
68 11 00 00 00 00 00 00 00 00 00 00 00 00 00 00
35 01 00 00 12 00 00 00 00 00 00 00 00 00 00 00
00 00 00 00 00 00 00 00 48 01 00 00 10 00 19 00
08 40 00 00 00 00 00 00 00 00 00 00 00 00 00 00
55 01 00 00 20 00 00 00 00 00 00 00 00 00 00 00
00 00 00 00 00 00 00 00 64 01 00 00 11 02 19 00
10 40 00 00 00 00 00 00 00 00 00 00 00 00 00 00
71 01 00 00 11 00 11 00 00 20 00 00 00 00 00 00
04 00 00 00 00 00 00 00 80 01 00 00 10 00 1a 00

