00 00 40 11 00 00 00 00 00 00 2f 68 6f 6d 65 2f
56 61 67 69 64 2f 50 72 6f 6a 65 63 74 73 2f 54
65 73 74 69 6e 67 2f 6c 61 62 33 00 68 65 6c 6c
6f 2e 63 00 20 00 00 00 05 00 00 00 00 00 00 00
27 00 00 00 2f 00 00 00 51 00 00 00 56 00 00 00
6a 00 00 00 6f 00 00 00 00 00 00 00 00 00 00 00
00 00 00 00 00 00 00 00 00 00 00 00 00 00 00 00
01 00 00 00 04 00 f1 ff 00 00 00 00 00 00 00 00
00 00 00 00 00 00 00 00 09 00 00 00 01 00 04 00
7c 03 00 00 00 00 00 00 20 00 00 00 00 00 00 00
13 00 00 00 04 00 f1 ff 00 00 00 00 00 00 00 00
00 00 00 00 00 00 00 00 1e 00 00 00 02 00 0f 00
80 10 00 00 00 00 00 00 00 00 00 00 00 00 00 00
20 00 00 00 02 00 0f 00 b0 10 00 00 00 00 00 00
00 00 00 00 00 00 00 00 33 00 00 00 02 00 0f 00
f0 10 00 00 00 00 00 00 00 00 00 00 00 00 00 00

