00 03 25 0b 0b 3e 0b 00 00 07 2e 00 11 1b 12 06
40 18 03 25 3a 0b 3b 0b 27 19 49 13 3f 19 00 00
00 5a 00 00 00 05 00 08 00 37 00 00 00 01 01 01
fb 0e 0d 00 01 01 01 01 00 00 00 01 00 00 01 01
01 1f 01 00 00 00 00 03 01 1f 02 0f 05 1e 01 22
00 00 00 00 6e c3 88 4e d1 6f 63 61 c7 a6 c3 8c
09 3e 23 18 04 00 00 09 02 40 11 00 00 00 00 00
00 13 05 02 0a e5 d7 06 0b 2e 02 06 00 01 01 55
62 75 6e 74 75 20 63 6c 61 6e 67 20 76 65 72 73
69 6f 6e 20 31 38 2e 31 2e 33 20 28 31 75 62 75
6e 74 75 31 29 00 68 65 6c 6c 6f 2e 63 00 2f 68
6f 6d 65 2f 56 61 67 69 64 2f 50 72 6f 6a 65 63
74 73 2f 54 65 73 74 69 6e 67 2f 6c 61 62 33 00
63 68 61 72 00 5f 5f 41 52 52 41 59 5f 53 49 5a
45 5f 54 59 50 45 5f 5f 00 6d 61 69 6e 00 69 6e
74 00 14 00 00 00 05 00 08 00 04 20 00 00 00 00


