49 00 00 00 01 00 1a 00 18 40 00 00 00 00 00 00
01 00 00 00 00 00 00 00 55 00 00 00 01 00 15 00
d8 3d 00 00 00 00 00 00 00 00 00 00 00 00 00 00
7c 00 00 00 02 00 0f 00 30 11 00 00 00 00 00 00
00 00 00 00 00 00 00 00 88 00 00 00 01 00 14 00
d0 3d 00 00 00 00 00 00 00 00 00 00 00 00 00 00
a7 00 00 00 04 00 f1 ff 00 00 00 00 00 00 00 00
00 00 00 00 00 00 00 00 13 00 00 00 04 00 f1 ff
00 00 00 00 00 00 00 00 00 00 00 00 00 00 00 00
af 00 00 00 01 00 13 00 d0 20 00 00 00 00 00 00
00 00 00 00 00 00 00 00 00 00 00 00 04 00 f1 ff
00 00 00 00 00 00 00 00 00 00 00 00 00 00 00 00
bd 00 00 00 01 00 16 00 e0 3d 00 00 00 00 00 00
00 00 00 00 00 00 00 00 c6 00 00 00 00 00 12 00
14 20 00 00 00 00 00 00 00 00 00 00 00 00 00 00
d9 00 00 00 01 00 18 00 e8 3f 00 00 00 00 00 00


