20 40 00 00 00 00 00 00 00 00 00 00 00 00 00 00
4e 01 00 00 12 00 0f 00 50 10 00 00 00 00 00 00
26 00 00 00 00 00 00 00 85 01 00 00 10 00 1a 00
18 40 00 00 00 00 00 00 00 00 00 00 00 00 00 00
91 01 00 00 12 00 0f 00 40 11 00 00 00 00 00 00
25 00 00 00 00 00 00 00 96 01 00 00 11 02 19 00
18 40 00 00 00 00 00 00 00 00 00 00 00 00 00 00
a2 01 00 00 20 00 00 00 00 00 00 00 00 00 00 00
00 00 00 00 00 00 00 00 bc 01 00 00 22 00 00 00
00 00 00 00 00 00 00 00 00 00 00 00 00 00 00 00
d7 01 00 00 12 02 0c 00 00 10 00 00 00 00 00 00
00 00 00 00 00 00 00 00 00 53 63 72 74 31 2e 6f
00 5f 5f 61 62 69 5f 74 61 67 00 63 72 74 73 74
75 66 66 2e 63 00 64 65 72 65 67 69 73 74 65 72
5f 74 6d 5f 63 6c 6f 6e 65 73 00 5f 5f 64 6f 5f
67 6c 6f 62 61 6c 5f 64 74 6f 72 73 5f 61 75 78


