36 10 00 00 00 00 00 00 00 00 00 00 00 00 00 00
10 40 00 00 00 00 00 00 47 43 43 3a 20 28 55 62
75 6e 74 75 20 31 33 2e 33 2e 30 2d 36 75 62 75
6e 74 75 32 7e 32 34 2e 30 34 29 20 31 33 2e 33
2e 30 00 55 62 75 6e 74 75 20 63 6c 61 6e 67 20
76 65 72 73 69 6f 6e 20 31 38 2e 31 2e 33 20 28
31 75 62 75 6e 74 75 31 29 00 51 00 00 00 05 00
01 08 00 00 00 00 01 00 1d 00 01 08 00 00 00 00
00 00 00 02 01 25 00 00 00 08 00 00 00 02 2d 00
00 00 00 03 02 a1 00 03 39 00 00 00 04 3d 00 00
00 0e 00 05 03 06 01 06 04 08 07 07 01 25 00 00
00 01 56 05 00 02 50 00 00 00 05 06 05 04 00 01
11 01 25 25 13 05 03 25 72 17 10 17 1b 25 11 1b
12 06 73 17 00 00 02 34 00 49 13 3a 0b 3b 0b 02
18 00 00 03 01 01 49 13 00 00 04 21 00 49 13 37
0b 00 00 05 24 00 03 25 3e 0b 0b 0b 00 00 06 24


